# oST version 5.0 parameters


[image]

width
1920

height
1080

[narrow_stereo]

camera matrix
1401.840495 0.000000 955.641213
0.000000 1402.738834 536.309032
0.000000 0.000000 1.000000

distortion
0.018034 -0.080784 0.001626 0.000096 0.000000

rectification
1.000000 0.000000 0.000000
0.000000 1.000000 0.000000
0.000000 0.000000 1.000000

projection
1387.303589 0.000000 955.083338 0.000000
0.000000 1402.727905 536.818822 0.000000
0.000000 0.000000 1.000000 0.000000
