# oST version 5.0 parameters


[image]

width
1920

height
1080

[narrow_stereo]

camera matrix
1425.720253 0.000000 958.855122
0.000000 1425.948919 541.816495
0.000000 0.000000 1.000000

distortion
0.018427 -0.079827 0.003533 0.001411 0.000000

rectification
1.000000 0.000000 0.000000
0.000000 1.000000 0.000000
0.000000 0.000000 1.000000

projection
1413.140991 0.000000 961.246776 0.000000
0.000000 1426.373657 543.628620 0.000000
0.000000 0.000000 1.000000 0.000000
