# oST version 5.0 parameters


[image]

width
1920

height
1080

[narrow_stereo]

camera matrix
1424.872513 0.000000 972.486640
0.000000 1424.402268 609.117467
0.000000 0.000000 1.000000

distortion
0.008711 -0.058156 0.004117 0.000513 0.000000

rectification
1.000000 0.000000 0.000000
0.000000 1.000000 0.000000
0.000000 0.000000 1.000000

projection
1412.548706 0.000000 973.590092 0.000000
0.000000 1421.519775 611.370228 0.000000
0.000000 0.000000 1.000000 0.000000
