# oST version 5.0 parameters


[image]

width
1920

height
1080

[narrow_stereo]

camera matrix
1377.502071 0.000000 949.374651
0.000000 1380.073234 570.331426
0.000000 0.000000 1.000000

distortion
0.020614 -0.083636 0.004276 -0.001272 0.000000

rectification
1.000000 0.000000 0.000000
0.000000 1.000000 0.000000
0.000000 0.000000 1.000000

projection
1362.793945 0.000000 945.371968 0.000000
0.000000 1380.093018 572.788934 0.000000
0.000000 0.000000 1.000000 0.000000
