# oST version 5.0 parameters


[image]

width
1920

height
1080

[narrow_stereo]

camera matrix
1412.352431 0.000000 986.592834
0.000000 1427.745304 554.904182
0.000000 0.000000 1.000000

distortion
-0.365856 0.108794 -0.002094 -0.000918 0.000000

rectification
1.000000 0.000000 0.000000
0.000000 1.000000 0.000000
0.000000 0.000000 1.000000

projection
1113.937012 0.000000 997.729786 0.000000
0.000000 1346.554199 554.655686 0.000000
0.000000 0.000000 1.000000 0.000000
