# oST version 5.0 parameters


[image]

width
1920

height
1080

[narrow_stereo]

camera matrix
3334.298833 0.000000 988.368042
0.000000 3371.551769 590.062460
0.000000 0.000000 1.000000

distortion
-1.523557 1.167057 -0.053426 -0.021399 0.000000

rectification
1.000000 0.000000 0.000000
0.000000 1.000000 0.000000
0.000000 0.000000 1.000000

projection
2798.257812 0.000000 964.473512 0.000000
0.000000 3240.852783 577.824036 0.000000
0.000000 0.000000 1.000000 0.000000
